	17.0	18.0	19.0	20.0	21.0	22.0	23.0	24.0	25.0	26.0	27.0	28.0	29.0	30.0	31.0	32.0	33.0	34.0	35.0	36.0	37.0
ETS_011.1	3.0	4.0	9.0	22.0	71.0	151.0	349.0	676.0	1152.0	1801.0	2762.0	3689.0	5287.0	7109.0	9212.0	12136.0	15781.0	21670.0	32735.0	62424.0	68743.0
	14.0	15.0	16.0	17.0	18.0	19.0	20.0	21.0	22.0	23.0	24.0	25.0	26.0	27.0	28.0	29.0	30.0	31.0	32.0	33.0	34.0	35.0	36.0	37.0
ETS_011.2	1.0	9.0	10.0	29.0	80.0	132.0	204.0	393.0	700.0	1290.0	2026.0	2739.0	3881.0	5091.0	6941.0	9223.0	12749.0	17521.0	24371.0	34510.0	48201.0	52557.0	22574.0	554.0
	16.0	17.0	18.0	19.0	20.0	21.0	22.0	23.0	24.0	25.0	26.0	27.0	28.0	29.0	30.0	31.0	32.0	33.0	34.0	35.0	36.0	37.0	38.0
ETS_012.1	1.0	0.0	3.0	12.0	19.0	57.0	141.0	307.0	610.0	957.0	1488.0	2222.0	3135.0	4401.0	6046.0	7940.0	10423.0	13747.0	18844.0	28482.0	53327.0	55768.0	1.0
	13.0	14.0	15.0	16.0	17.0	18.0	19.0	20.0	21.0	22.0	23.0	24.0	25.0	26.0	27.0	28.0	29.0	30.0	31.0	32.0	33.0	34.0	35.0	36.0	37.0
ETS_012.2	1.0	2.0	6.0	13.0	26.0	40.0	123.0	171.0	284.0	621.0	1111.0	1870.0	2375.0	3163.0	4223.0	5819.0	8132.0	10990.0	14985.0	21025.0	29714.0	41108.0	43598.0	18039.0	492.0
	17.0	18.0	19.0	20.0	21.0	22.0	23.0	24.0	25.0	26.0	27.0	28.0	29.0	30.0	31.0	32.0	33.0	34.0	35.0	36.0	37.0
ETS_013.1	2.0	3.0	7.0	16.0	38.0	93.0	186.0	351.0	615.0	1035.0	1467.0	2066.0	2933.0	3965.0	5124.0	6739.0	9074.0	12238.0	18522.0	35186.0	40281.0
	14.0	15.0	16.0	17.0	18.0	19.0	20.0	21.0	22.0	23.0	24.0	25.0	26.0	27.0	28.0	29.0	30.0	31.0	32.0	33.0	34.0	35.0	36.0	37.0
ETS_013.2	3.0	1.0	5.0	15.0	30.0	61.0	115.0	195.0	368.0	705.0	1124.0	1574.0	2178.0	2886.0	3906.0	5093.0	7174.0	9726.0	13559.0	19558.0	27249.0	30363.0	13687.0	366.0
	19.0	20.0	21.0	22.0	23.0	24.0	25.0	26.0	27.0	28.0	29.0	30.0	31.0	32.0	33.0	34.0	35.0	36.0	37.0
ETS_021.1	1.0	7.0	7.0	34.0	70.0	140.0	290.0	407.0	619.0	890.0	1244.0	1607.0	2168.0	2874.0	3651.0	5175.0	7635.0	14601.0	16282.0
	15.0	16.0	17.0	18.0	19.0	20.0	21.0	22.0	23.0	24.0	25.0	26.0	27.0	28.0	29.0	30.0	31.0	32.0	33.0	34.0	35.0	36.0	37.0
ETS_021.2	3.0	4.0	6.0	16.0	35.0	53.0	95.0	152.0	302.0	471.0	687.0	917.0	1201.0	1575.0	2175.0	2941.0	4032.0	5495.0	7902.0	11154.0	12437.0	5893.0	156.0
	18.0	19.0	20.0	21.0	22.0	23.0	24.0	25.0	26.0	27.0	28.0	29.0	30.0	31.0	32.0	33.0	34.0	35.0	36.0	37.0
ETS_022.1	5.0	8.0	11.0	41.0	103.0	183.0	366.0	731.0	1047.0	1545.0	2238.0	3062.0	4240.0	5483.0	6945.0	9329.0	12621.0	18895.0	34783.0	35519.0
	13.0	14.0	15.0	16.0	17.0	18.0	19.0	20.0	21.0	22.0	23.0	24.0	25.0	26.0	27.0	28.0	29.0	30.0	31.0	32.0	33.0	34.0	35.0	36.0	37.0
ETS_022.2	1.0	1.0	4.0	9.0	21.0	36.0	70.0	120.0	192.0	391.0	763.0	1149.0	1576.0	2117.0	2832.0	3833.0	5112.0	7043.0	9566.0	13692.0	19175.0	27110.0	29587.0	12434.0	321.0
	19.0	20.0	21.0	22.0	23.0	24.0	25.0	26.0	27.0	28.0	29.0	30.0	31.0	32.0	33.0	34.0	35.0	36.0	37.0
ETS_023.1	2.0	8.0	22.0	38.0	85.0	145.0	263.0	391.0	640.0	862.0	1150.0	1665.0	2041.0	2807.0	3626.0	4999.0	7652.0	14487.0	15597.0
	15.0	16.0	17.0	18.0	19.0	20.0	21.0	22.0	23.0	24.0	25.0	26.0	27.0	28.0	29.0	30.0	31.0	32.0	33.0	34.0	35.0	36.0	37.0
ETS_023.2	1.0	2.0	4.0	19.0	25.0	38.0	88.0	178.0	290.0	484.0	602.0	875.0	1216.0	1586.0	2214.0	2993.0	4019.0	5597.0	7926.0	11102.0	12217.0	4890.0	114.0
	15.0	16.0	17.0	18.0	19.0	20.0	21.0	22.0	23.0	24.0	25.0	26.0	27.0	28.0	29.0	30.0	31.0	32.0	33.0	34.0	35.0	36.0	37.0
ETS_031.1	1.0	0.0	0.0	2.0	7.0	7.0	21.0	63.0	139.0	244.0	403.0	653.0	1025.0	1436.0	2022.0	2770.0	3613.0	4900.0	6483.0	8731.0	13269.0	25782.0	28774.0
	14.0	15.0	16.0	17.0	18.0	19.0	20.0	21.0	22.0	23.0	24.0	25.0	26.0	27.0	28.0	29.0	30.0	31.0	32.0	33.0	34.0	35.0	36.0	37.0
ETS_031.2	1.0	0.0	4.0	9.0	21.0	65.0	77.0	153.0	247.0	503.0	836.0	1124.0	1578.0	1973.0	2721.0	3605.0	5090.0	6991.0	9815.0	13863.0	19640.0	21901.0	9871.0	257.0
	16.0	17.0	18.0	19.0	20.0	21.0	22.0	23.0	24.0	25.0	26.0	27.0	28.0	29.0	30.0	31.0	32.0	33.0	34.0	35.0	36.0	37.0
ETS_032.1	1.0	0.0	1.0	7.0	17.0	30.0	79.0	192.0	321.0	575.0	894.0	1358.0	1933.0	2652.0	3645.0	4681.0	6051.0	8078.0	10999.0	16371.0	30909.0	32030.0
	14.0	15.0	16.0	17.0	18.0	19.0	20.0	21.0	22.0	23.0	24.0	25.0	26.0	27.0	28.0	29.0	30.0	31.0	32.0	33.0	34.0	35.0	36.0	37.0
ETS_032.2	4.0	7.0	10.0	15.0	35.0	55.0	120.0	187.0	351.0	609.0	1020.0	1442.0	1867.0	2538.0	3376.0	4501.0	6107.0	8520.0	11959.0	17077.0	23542.0	26059.0	11146.0	277.0
	18.0	19.0	20.0	21.0	22.0	23.0	24.0	25.0	26.0	27.0	28.0	29.0	30.0	31.0	32.0	33.0	34.0	35.0	36.0	37.0
ETS_033.1	2.0	2.0	11.0	25.0	54.0	105.0	231.0	409.0	618.0	949.0	1363.0	1967.0	2597.0	3492.0	4587.0	5938.0	8093.0	12554.0	23274.0	24989.0
	15.0	16.0	17.0	18.0	19.0	20.0	21.0	22.0	23.0	24.0	25.0	26.0	27.0	28.0	29.0	30.0	31.0	32.0	33.0	34.0	35.0	36.0	37.0
ETS_033.2	1.0	5.0	9.0	30.0	50.0	67.0	137.0	234.0	413.0	713.0	989.0	1361.0	1796.0	2516.0	3474.0	4701.0	6428.0	8951.0	12672.0	17768.0	19893.0	8821.0	231.0
	19.0	20.0	21.0	22.0	23.0	24.0	25.0	26.0	27.0	28.0	29.0	30.0	31.0	32.0	33.0	34.0	35.0	36.0	37.0
ETS_041.1	5.0	8.0	22.0	45.0	127.0	234.0	381.0	579.0	842.0	1183.0	1647.0	2263.0	2866.0	3742.0	4885.0	6513.0	9941.0	18824.0	21143.0
	14.0	15.0	16.0	17.0	18.0	19.0	20.0	21.0	22.0	23.0	24.0	25.0	26.0	27.0	28.0	29.0	30.0	31.0	32.0	33.0	34.0	35.0	36.0	37.0
ETS_041.2	1.0	3.0	7.0	12.0	19.0	46.0	88.0	118.0	245.0	476.0	737.0	944.0	1162.0	1649.0	2040.0	2828.0	3920.0	5165.0	7226.0	10555.0	14454.0	16098.0	7270.0	187.0
	16.0	17.0	18.0	19.0	20.0	21.0	22.0	23.0	24.0	25.0	26.0	27.0	28.0	29.0	30.0	31.0	32.0	33.0	34.0	35.0	36.0	37.0
ETS_042.1	1.0	1.0	1.0	6.0	8.0	18.0	37.0	79.0	183.0	286.0	512.0	710.0	934.0	1249.0	1802.0	2319.0	3043.0	4084.0	5500.0	8139.0	15087.0	16858.0
	14.0	15.0	16.0	17.0	18.0	19.0	20.0	21.0	22.0	23.0	24.0	25.0	26.0	27.0	28.0	29.0	30.0	31.0	32.0	33.0	34.0	35.0	36.0	37.0
ETS_042.2	1.0	2.0	4.0	9.0	12.0	27.0	45.0	102.0	197.0	333.0	537.0	677.0	909.0	1172.0	1628.0	2214.0	3064.0	4280.0	5969.0	8448.0	11665.0	13265.0	6139.0	158.0
	19.0	20.0	21.0	22.0	23.0	24.0	25.0	26.0	27.0	28.0	29.0	30.0	31.0	32.0	33.0	34.0	35.0	36.0	37.0
ETS_043.1	3.0	6.0	23.0	35.0	50.0	149.0	241.0	326.0	557.0	751.0	1032.0	1400.0	1878.0	2310.0	3087.0	4392.0	6508.0	12514.0	14710.0
	15.0	16.0	17.0	18.0	19.0	20.0	21.0	22.0	23.0	24.0	25.0	26.0	27.0	28.0	29.0	30.0	31.0	32.0	33.0	34.0	35.0	36.0	37.0
ETS_043.2	2.0	4.0	4.0	13.0	27.0	40.0	82.0	175.0	261.0	429.0	593.0	775.0	1015.0	1393.0	1833.0	2586.0	3597.0	4836.0	6948.0	9690.0	10812.0	4739.0	118.0
	17.0	18.0	19.0	20.0	21.0	22.0	23.0	24.0	25.0	26.0	27.0	28.0	29.0	30.0	31.0	32.0	33.0	34.0	35.0	36.0	37.0
ETS_111.1	2.0	3.0	9.0	12.0	27.0	67.0	155.0	265.0	498.0	705.0	971.0	1419.0	1933.0	2439.0	3271.0	4351.0	5691.0	7801.0	11706.0	23041.0	26163.0
	14.0	15.0	16.0	17.0	18.0	19.0	20.0	21.0	22.0	23.0	24.0	25.0	26.0	27.0	28.0	29.0	30.0	31.0	32.0	33.0	34.0	35.0	36.0	37.0
ETS_111.2	1.0	3.0	9.0	33.0	43.0	90.0	110.0	191.0	343.0	600.0	860.0	1213.0	1636.0	2078.0	2715.0	3598.0	4643.0	6229.0	8549.0	12407.0	17518.0	19156.0	8279.0	225.0
	16.0	17.0	18.0	19.0	20.0	21.0	22.0	23.0	24.0	25.0	26.0	27.0	28.0	29.0	30.0	31.0	32.0	33.0	34.0	35.0	36.0	37.0
ETS_112.1	1.0	1.0	2.0	6.0	11.0	29.0	48.0	102.0	236.0	392.0	652.0	890.0	1250.0	1612.0	2210.0	2769.0	3644.0	4806.0	6796.0	10218.0	19754.0	20819.0
	13.0	14.0	15.0	16.0	17.0	18.0	19.0	20.0	21.0	22.0	23.0	24.0	25.0	26.0	27.0	28.0	29.0	30.0	31.0	32.0	33.0	34.0	35.0	36.0	37.0
ETS_112.2	1.0	0.0	5.0	13.0	22.0	54.0	63.0	114.0	164.0	270.0	457.0	770.0	1036.0	1400.0	1752.0	2360.0	2992.0	3933.0	5417.0	7398.0	10490.0	14546.0	16020.0	6763.0	208.0
	17.0	18.0	19.0	20.0	21.0	22.0	23.0	24.0	25.0	26.0	27.0	28.0	29.0	30.0	31.0	32.0	33.0	34.0	35.0	36.0	37.0
ETS_113.1	2.0	3.0	4.0	16.0	27.0	54.0	96.0	241.0	433.0	644.0	943.0	1331.0	1707.0	2319.0	3069.0	3934.0	5220.0	7148.0	11002.0	20901.0	24490.0
	15.0	16.0	17.0	18.0	19.0	20.0	21.0	22.0	23.0	24.0	25.0	26.0	27.0	28.0	29.0	30.0	31.0	32.0	33.0	34.0	35.0	36.0	37.0
ETS_113.2	4.0	19.0	23.0	53.0	95.0	110.0	165.0	310.0	503.0	770.0	1145.0	1475.0	1867.0	2434.0	3190.0	4331.0	5715.0	7870.0	11308.0	16053.0	17814.0	8095.0	235.0
	18.0	19.0	20.0	21.0	22.0	23.0	24.0	25.0	26.0	27.0	28.0	29.0	30.0	31.0	32.0	33.0	34.0	35.0	36.0	37.0
ETS_121.1	3.0	11.0	15.0	31.0	73.0	162.0	260.0	461.0	802.0	1035.0	1472.0	1885.0	2632.0	3370.0	4327.0	5797.0	7918.0	12013.0	23693.0	27265.0
	14.0	15.0	16.0	17.0	18.0	19.0	20.0	21.0	22.0	23.0	24.0	25.0	26.0	27.0	28.0	29.0	30.0	31.0	32.0	33.0	34.0	35.0	36.0	37.0
ETS_121.2	1.0	5.0	15.0	42.0	53.0	91.0	123.0	216.0	360.0	601.0	853.0	1235.0	1600.0	2042.0	2682.0	3542.0	4804.0	6127.0	8659.0	12491.0	17877.0	20205.0	9353.0	248.0
	16.0	17.0	18.0	19.0	20.0	21.0	22.0	23.0	24.0	25.0	26.0	27.0	28.0	29.0	30.0	31.0	32.0	33.0	34.0	35.0	36.0	37.0
ETS_122.1	2.0	1.0	4.0	5.0	13.0	29.0	67.0	128.0	268.0	430.0	695.0	949.0	1376.0	1791.0	2487.0	3193.0	4175.0	5601.0	7608.0	11524.0	22379.0	23837.0
	13.0	14.0	15.0	16.0	17.0	18.0	19.0	20.0	21.0	22.0	23.0	24.0	25.0	26.0	27.0	28.0	29.0	30.0	31.0	32.0	33.0	34.0	35.0	36.0	37.0
ETS_122.2	1.0	1.0	2.0	9.0	35.0	57.0	71.0	114.0	183.0	329.0	549.0	801.0	1174.0	1519.0	1929.0	2556.0	3347.0	4299.0	5965.0	8127.0	11744.0	16460.0	18997.0	8113.0	180.0
	18.0	19.0	20.0	21.0	22.0	23.0	24.0	25.0	26.0	27.0	28.0	29.0	30.0	31.0	32.0	33.0	34.0	35.0	36.0	37.0
ETS_123.1	3.0	8.0	13.0	21.0	58.0	112.0	190.0	346.0	551.0	846.0	1201.0	1536.0	1997.0	2655.0	3527.0	4708.0	6553.0	9687.0	19005.0	21596.0
	14.0	15.0	16.0	17.0	18.0	19.0	20.0	21.0	22.0	23.0	24.0	25.0	26.0	27.0	28.0	29.0	30.0	31.0	32.0	33.0	34.0	35.0	36.0	37.0
ETS_123.2	1.0	2.0	10.0	20.0	43.0	59.0	93.0	173.0	263.0	455.0	737.0	1009.0	1339.0	1803.0	2266.0	2886.0	3766.0	5092.0	6988.0	10288.0	14397.0	16072.0	6682.0	169.0
	17.0	18.0	19.0	20.0	21.0	22.0	23.0	24.0	25.0	26.0	27.0	28.0	29.0	30.0	31.0	32.0	33.0	34.0	35.0	36.0	37.0
ETS_131.1	4.0	5.0	2.0	7.0	11.0	33.0	87.0	140.0	269.0	443.0	685.0	978.0	1299.0	1732.0	2311.0	2927.0	4079.0	5497.0	8444.0	16252.0	18829.0
	15.0	16.0	17.0	18.0	19.0	20.0	21.0	22.0	23.0	24.0	25.0	26.0	27.0	28.0	29.0	30.0	31.0	32.0	33.0	34.0	35.0	36.0	37.0
ETS_131.2	6.0	12.0	29.0	46.0	58.0	79.0	112.0	204.0	378.0	613.0	825.0	1083.0	1436.0	1900.0	2500.0	3144.0	4324.0	6138.0	8644.0	12052.0	13820.0	6436.0	195.0
	18.0	19.0	20.0	21.0	22.0	23.0	24.0	25.0	26.0	27.0	28.0	29.0	30.0	31.0	32.0	33.0	34.0	35.0	36.0	37.0
ETS_132.1	4.0	5.0	6.0	20.0	36.0	88.0	174.0	233.0	417.0	583.0	868.0	1036.0	1543.0	2000.0	2555.0	3497.0	4536.0	6758.0	13256.0	14262.0
	14.0	15.0	16.0	17.0	18.0	19.0	20.0	21.0	22.0	23.0	24.0	25.0	26.0	27.0	28.0	29.0	30.0	31.0	32.0	33.0	34.0	35.0	36.0	37.0
ETS_132.2	1.0	2.0	10.0	23.0	38.0	37.0	82.0	105.0	214.0	309.0	491.0	670.0	853.0	1206.0	1525.0	1998.0	2670.0	3615.0	4940.0	7130.0	10055.0	11095.0	4707.0	101.0
	16.0	17.0	18.0	19.0	20.0	21.0	22.0	23.0	24.0	25.0	26.0	27.0	28.0	29.0	30.0	31.0	32.0	33.0	34.0	35.0	36.0	37.0
ETS_133.1	1.0	1.0	3.0	7.0	18.0	32.0	84.0	153.0	305.0	578.0	789.0	1260.0	1681.0	2185.0	2986.0	4034.0	5186.0	6775.0	9227.0	14012.0	27124.0	30693.0
	13.0	14.0	15.0	16.0	17.0	18.0	19.0	20.0	21.0	22.0	23.0	24.0	25.0	26.0	27.0	28.0	29.0	30.0	31.0	32.0	33.0	34.0	35.0	36.0	37.0
ETS_133.2	1.0	0.0	7.0	17.0	66.0	82.0	91.0	145.0	265.0	412.0	672.0	1066.0	1474.0	1889.0	2446.0	3043.0	4000.0	5362.0	7158.0	9968.0	14379.0	20574.0	23309.0	10426.0	282.0
	16.0	17.0	18.0	19.0	20.0	21.0	22.0	23.0	24.0	25.0	26.0	27.0	28.0	29.0	30.0	31.0	32.0	33.0	34.0	35.0	36.0	37.0
ETS_141.1	2.0	3.0	2.0	6.0	8.0	26.0	71.0	164.0	281.0	463.0	682.0	998.0	1348.0	1743.0	2479.0	3078.0	3990.0	5168.0	7133.0	10822.0	20970.0	24117.0
	14.0	15.0	16.0	17.0	18.0	19.0	20.0	21.0	22.0	23.0	24.0	25.0	26.0	27.0	28.0	29.0	30.0	31.0	32.0	33.0	34.0	35.0	36.0	37.0
ETS_141.2	4.0	6.0	14.0	23.0	50.0	84.0	106.0	225.0	307.0	582.0	848.0	1101.0	1515.0	2005.0	2428.0	3261.0	4221.0	5572.0	7769.0	11265.0	15815.0	17976.0	8149.0	228.0
	18.0	19.0	20.0	21.0	22.0	23.0	24.0	25.0	26.0	27.0	28.0	29.0	30.0	31.0	32.0	33.0	34.0	35.0	36.0	37.0
ETS_1411.1	1.0	3.0	6.0	10.0	27.0	50.0	93.0	158.0	244.0	404.0	498.0	698.0	933.0	1241.0	1623.0	2113.0	2758.0	4324.0	8468.0	9193.0
	14.0	15.0	16.0	17.0	18.0	19.0	20.0	21.0	22.0	23.0	24.0	25.0	26.0	27.0	28.0	29.0	30.0	31.0	32.0	33.0	34.0	35.0	36.0	37.0
ETS_1411.2	2.0	0.0	2.0	6.0	11.0	21.0	37.0	60.0	103.0	196.0	337.0	411.0	602.0	754.0	992.0	1286.0	1632.0	2178.0	3120.0	4661.0	6507.0	7029.0	2836.0	62.0
	17.0	18.0	19.0	20.0	21.0	22.0	23.0	24.0	25.0	26.0	27.0	28.0	29.0	30.0	31.0	32.0	33.0	34.0	35.0	36.0	37.0
ETS_1412.1	1.0	1.0	6.0	7.0	16.0	31.0	61.0	112.0	230.0	324.0	455.0	649.0	842.0	1198.0	1592.0	2068.0	2642.0	3495.0	5409.0	10199.0	10918.0
	14.0	15.0	16.0	17.0	18.0	19.0	20.0	21.0	22.0	23.0	24.0	25.0	26.0	27.0	28.0	29.0	30.0	31.0	32.0	33.0	34.0	35.0	36.0	37.0
ETS_1412.2	3.0	3.0	5.0	5.0	9.0	23.0	54.0	78.0	161.0	261.0	398.0	564.0	708.0	939.0	1172.0	1633.0	2112.0	2781.0	3927.0	5506.0	7869.0	8512.0	3451.0	82.0
	16.0	17.0	18.0	19.0	20.0	21.0	22.0	23.0	24.0	25.0	26.0	27.0	28.0	29.0	30.0	31.0	32.0	33.0	34.0	35.0	36.0	37.0
ETS_1413.1	1.0	1.0	2.0	2.0	3.0	19.0	27.0	69.0	165.0	264.0	375.0	551.0	801.0	1001.0	1438.0	1777.0	2391.0	3161.0	4315.0	6400.0	12126.0	13822.0
	13.0	14.0	15.0	16.0	17.0	18.0	19.0	20.0	21.0	22.0	23.0	24.0	25.0	26.0	27.0	28.0	29.0	30.0	31.0	32.0	33.0	34.0	35.0	36.0	37.0
ETS_1413.2	1.0	4.0	6.0	5.0	2.0	12.0	33.0	47.0	104.0	152.0	322.0	472.0	676.0	879.0	1127.0	1446.0	1864.0	2416.0	3411.0	4683.0	6579.0	9302.0	10460.0	4593.0	115.0
	16.0	17.0	18.0	19.0	20.0	21.0	22.0	23.0	24.0	25.0	26.0	27.0	28.0	29.0	30.0	31.0	32.0	33.0	34.0	35.0	36.0	37.0
ETS_142.1	1.0	1.0	5.0	4.0	10.0	34.0	56.0	126.0	298.0	456.0	683.0	952.0	1347.0	1786.0	2457.0	3302.0	4252.0	5473.0	7584.0	11640.0	22017.0	25057.0
	12.0	13.0	14.0	15.0	16.0	17.0	18.0	19.0	20.0	21.0	22.0	23.0	24.0	25.0	26.0	27.0	28.0	29.0	30.0	31.0	32.0	33.0	34.0	35.0	36.0	37.0
ETS_142.2	1.0	0.0	3.0	7.0	17.0	42.0	53.0	94.0	123.0	198.0	300.0	539.0	857.0	1152.0	1456.0	1873.0	2481.0	3198.0	4429.0	5845.0	8129.0	11660.0	16740.0	19163.0	8904.0	277.0
	16.0	17.0	18.0	19.0	20.0	21.0	22.0	23.0	24.0	25.0	26.0	27.0	28.0	29.0	30.0	31.0	32.0	33.0	34.0	35.0	36.0	37.0
ETS_1421.1	1.0	4.0	2.0	3.0	11.0	25.0	55.0	93.0	182.0	299.0	498.0	699.0	993.0	1305.0	1887.0	2362.0	2939.0	4049.0	5232.0	7911.0	15476.0	17666.0
	14.0	15.0	16.0	17.0	18.0	19.0	20.0	21.0	22.0	23.0	24.0	25.0	26.0	27.0	28.0	29.0	30.0	31.0	32.0	33.0	34.0	35.0	36.0	37.0
ETS_1421.2	4.0	3.0	7.0	14.0	25.0	42.0	53.0	114.0	192.0	408.0	633.0	847.0	1163.0	1430.0	1853.0	2285.0	2956.0	4180.0	5710.0	8205.0	11722.0	13599.0	6074.0	173.0
	15.0	16.0	17.0	18.0	19.0	20.0	21.0	22.0	23.0	24.0	25.0	26.0	27.0	28.0	29.0	30.0	31.0	32.0	33.0	34.0	35.0	36.0	37.0
ETS_1422.1	1.0	0.0	2.0	4.0	16.0	32.0	51.0	145.0	261.0	547.0	883.0	1353.0	2009.0	2790.0	3739.0	5073.0	6737.0	8601.0	11087.0	15068.0	22654.0	42324.0	44288.0
	13.0	14.0	15.0	16.0	17.0	18.0	19.0	20.0	21.0	22.0	23.0	24.0	25.0	26.0	27.0	28.0	29.0	30.0	31.0	32.0	33.0	34.0	35.0	36.0	37.0
ETS_1422.2	3.0	12.0	12.0	10.0	31.0	61.0	93.0	170.0	300.0	583.0	1068.0	1785.0	2308.0	3077.0	3704.0	4734.0	6275.0	8351.0	11241.0	15778.0	22880.0	32352.0	36958.0	15467.0	412.0
	17.0	18.0	19.0	20.0	21.0	22.0	23.0	24.0	25.0	26.0	27.0	28.0	29.0	30.0	31.0	32.0	33.0	34.0	35.0	36.0	37.0
ETS_1423.1	2.0	8.0	10.0	24.0	38.0	91.0	187.0	328.0	659.0	960.0	1411.0	1982.0	2551.0	3525.0	4567.0	6074.0	8023.0	10844.0	16133.0	31346.0	34349.0
	13.0	14.0	15.0	16.0	17.0	18.0	19.0	20.0	21.0	22.0	23.0	24.0	25.0	26.0	27.0	28.0	29.0	30.0	31.0	32.0	33.0	34.0	35.0	36.0	37.0
ETS_1423.2	2.0	10.0	10.0	10.0	20.0	44.0	64.0	109.0	238.0	427.0	798.0	1244.0	1723.0	2141.0	2791.0	3721.0	4821.0	6402.0	8468.0	11841.0	17041.0	24105.0	26402.0	10438.0	242.0
	18.0	19.0	20.0	21.0	22.0	23.0	24.0	25.0	26.0	27.0	28.0	29.0	30.0	31.0	32.0	33.0	34.0	35.0	36.0	37.0
ETS_143.1	3.0	5.0	9.0	18.0	30.0	74.0	161.0	305.0	408.0	610.0	836.0	1150.0	1480.0	2008.0	2598.0	3527.0	4694.0	7099.0	13970.0	16306.0
	14.0	15.0	16.0	17.0	18.0	19.0	20.0	21.0	22.0	23.0	24.0	25.0	26.0	27.0	28.0	29.0	30.0	31.0	32.0	33.0	34.0	35.0	36.0	37.0
ETS_143.2	2.0	3.0	9.0	24.0	31.0	53.0	60.0	119.0	205.0	348.0	514.0	750.0	997.0	1309.0	1678.0	2060.0	2738.0	3735.0	5351.0	7491.0	10498.0	11958.0	5202.0	156.0
	17.0	18.0	19.0	20.0	21.0	22.0	23.0	24.0	25.0	26.0	27.0	28.0	29.0	30.0	31.0	32.0	33.0	34.0	35.0	36.0	37.0
ETS_1431.1	4.0	4.0	4.0	12.0	23.0	44.0	94.0	172.0	307.0	454.0	631.0	910.0	1260.0	1734.0	2302.0	2984.0	3957.0	5257.0	8001.0	15091.0	17686.0
	14.0	15.0	16.0	17.0	18.0	19.0	20.0	21.0	22.0	23.0	24.0	25.0	26.0	27.0	28.0	29.0	30.0	31.0	32.0	33.0	34.0	35.0	36.0	37.0
ETS_1431.2	3.0	6.0	4.0	12.0	29.0	42.0	64.0	119.0	220.0	392.0	593.0	850.0	1091.0	1382.0	1765.0	2274.0	3070.0	4038.0	5703.0	8214.0	11507.0	13301.0	6064.0	188.0
	18.0	19.0	20.0	21.0	22.0	23.0	24.0	25.0	26.0	27.0	28.0	29.0	30.0	31.0	32.0	33.0	34.0	35.0	36.0	37.0
ETS_1432.1	1.0	1.0	5.0	13.0	23.0	61.0	106.0	189.0	291.0	389.0	506.0	748.0	1011.0	1253.0	1654.0	2105.0	2839.0	4172.0	8039.0	8550.0
	14.0	15.0	16.0	17.0	18.0	19.0	20.0	21.0	22.0	23.0	24.0	25.0	26.0	27.0	28.0	29.0	30.0	31.0	32.0	33.0	34.0	35.0	36.0	37.0
ETS_1432.2	2.0	8.0	3.0	7.0	18.0	36.0	48.0	63.0	155.0	272.0	378.0	503.0	600.0	779.0	969.0	1180.0	1642.0	2203.0	3023.0	4262.0	5908.0	6926.0	2880.0	91.0
	16.0	17.0	18.0	19.0	20.0	21.0	22.0	23.0	24.0	25.0	26.0	27.0	28.0	29.0	30.0	31.0	32.0	33.0	34.0	35.0	36.0	37.0
ETS_1433.1	4.0	6.0	12.0	21.0	29.0	81.0	172.0	366.0	700.0	1204.0	1889.0	2676.0	3624.0	4997.0	6629.0	8823.0	11320.0	15131.0	19916.0	30315.0	57673.0	62147.0
	13.0	14.0	15.0	16.0	17.0	18.0	19.0	20.0	21.0	22.0	23.0	24.0	25.0	26.0	27.0	28.0	29.0	30.0	31.0	32.0	33.0	34.0	35.0	36.0	37.0
ETS_1433.2	2.0	9.0	23.0	23.0	25.0	83.0	134.0	230.0	398.0	846.0	1474.0	2268.0	3271.0	4125.0	5265.0	6854.0	8678.0	11566.0	15426.0	21533.0	30669.0	43070.0	49534.0	21649.0	580.0
	17.0	18.0	19.0	20.0	21.0	22.0	23.0	24.0	25.0	26.0	27.0	28.0	29.0	30.0	31.0	32.0	33.0	34.0	35.0	36.0	37.0
ETS_1441.1	1.0	4.0	6.0	7.0	20.0	35.0	97.0	202.0	325.0	479.0	637.0	969.0	1239.0	1648.0	2179.0	2776.0	3693.0	4859.0	7294.0	14263.0	15794.0
	12.0	13.0	14.0	15.0	16.0	17.0	18.0	19.0	20.0	21.0	22.0	23.0	24.0	25.0	26.0	27.0	28.0	29.0	30.0	31.0	32.0	33.0	34.0	35.0	36.0	37.0
ETS_1441.2	1.0	2.0	4.0	5.0	4.0	7.0	27.0	42.0	73.0	123.0	204.0	410.0	676.0	892.0	1019.0	1365.0	1650.0	2166.0	2818.0	3834.0	5281.0	7522.0	10813.0	12171.0	5305.0	113.0
	17.0	18.0	19.0	20.0	21.0	22.0	23.0	24.0	25.0	26.0	27.0	28.0	29.0	30.0	31.0	32.0	33.0	34.0	35.0	36.0	37.0
ETS_1442.1	3.0	7.0	11.0	32.0	49.0	118.0	256.0	511.0	944.0	1272.0	1886.0	2594.0	3631.0	4810.0	6609.0	8360.0	10941.0	14758.0	21944.0	41952.0	46776.0
	13.0	14.0	15.0	16.0	17.0	18.0	19.0	20.0	21.0	22.0	23.0	24.0	25.0	26.0	27.0	28.0	29.0	30.0	31.0	32.0	33.0	34.0	35.0	36.0	37.0
ETS_1442.2	1.0	12.0	11.0	14.0	26.0	52.0	104.0	171.0	284.0	611.0	1139.0	1709.0	2248.0	3001.0	3757.0	4802.0	6230.0	8166.0	11331.0	15498.0	22455.0	31866.0	37032.0	16464.0	480.0
	16.0	17.0	18.0	19.0	20.0	21.0	22.0	23.0	24.0	25.0	26.0	27.0	28.0	29.0	30.0	31.0	32.0	33.0	34.0	35.0	36.0	37.0
ETS_1443.1	1.0	4.0	5.0	8.0	18.0	43.0	85.0	178.0	354.0	617.0	891.0	1329.0	1743.0	2441.0	3317.0	4316.0	5602.0	7486.0	10146.0	14975.0	29044.0	33888.0
	13.0	14.0	15.0	16.0	17.0	18.0	19.0	20.0	21.0	22.0	23.0	24.0	25.0	26.0	27.0	28.0	29.0	30.0	31.0	32.0	33.0	34.0	35.0	36.0	37.0
ETS_1443.2	2.0	8.0	13.0	10.0	18.0	40.0	65.0	105.0	224.0	395.0	810.0	1184.0	1697.0	2151.0	2686.0	3359.0	4487.0	5891.0	7911.0	11003.0	15563.0	22469.0	25355.0	10793.0	252.0
	17.0	18.0	19.0	20.0	21.0	22.0	23.0	24.0	25.0	26.0	27.0	28.0	29.0	30.0	31.0	32.0	33.0	34.0	35.0	36.0	37.0
ETS_311.1	1.0	4.0	6.0	26.0	41.0	120.0	279.0	552.0	1017.0	1527.0	2286.0	3165.0	4162.0	5795.0	7531.0	9780.0	12869.0	17462.0	25857.0	50165.0	62326.0
	15.0	16.0	17.0	18.0	19.0	20.0	21.0	22.0	23.0	24.0	25.0	26.0	27.0	28.0	29.0	30.0	31.0	32.0	33.0	34.0	35.0	36.0	37.0
ETS_311.2	2.0	10.0	16.0	46.0	94.0	183.0	296.0	603.0	1103.0	1765.0	2621.0	3516.0	4569.0	5951.0	7830.0	10170.0	13994.0	19353.0	27793.0	39242.0	44595.0	20640.0	579.0
	17.0	18.0	19.0	20.0	21.0	22.0	23.0	24.0	25.0	26.0	27.0	28.0	29.0	30.0	31.0	32.0	33.0	34.0	35.0	36.0	37.0
ETS_312.1	1.0	0.0	3.0	8.0	18.0	52.0	113.0	172.0	331.0	512.0	794.0	1159.0	1517.0	2072.0	2711.0	3436.0	4338.0	6187.0	9255.0	17562.0	20222.0
	16.0	17.0	18.0	19.0	20.0	21.0	22.0	23.0	24.0	25.0	26.0	27.0	28.0	29.0	30.0	31.0	32.0	33.0	34.0	35.0	36.0	37.0
ETS_312.2	2.0	7.0	14.0	37.0	65.0	114.0	244.0	414.0	601.0	868.0	1261.0	1599.0	1967.0	2728.0	3661.0	4930.0	6758.0	9659.0	13407.0	15076.0	6857.0	194.0
	18.0	19.0	20.0	21.0	22.0	23.0	24.0	25.0	26.0	27.0	28.0	29.0	30.0	31.0	32.0	33.0	34.0	35.0	36.0	37.0
ETS_313.1	1.0	3.0	9.0	20.0	34.0	76.0	169.0	265.0	456.0	720.0	970.0	1292.0	1695.0	2296.0	2975.0	4007.0	5529.0	8010.0	15343.0	19569.0
	16.0	17.0	18.0	19.0	20.0	21.0	22.0	23.0	24.0	25.0	26.0	27.0	28.0	29.0	30.0	31.0	32.0	33.0	34.0	35.0	36.0	37.0
ETS_313.2	2.0	2.0	19.0	31.0	57.0	74.0	176.0	332.0	523.0	799.0	1031.0	1334.0	1852.0	2340.0	3028.0	4339.0	5870.0	8517.0	12033.0	13985.0	6888.0	207.0
	18.0	19.0	20.0	21.0	22.0	23.0	24.0	25.0	26.0	27.0	28.0	29.0	30.0	31.0	32.0	33.0	34.0	35.0	36.0	37.0
ETS_321.1	1.0	4.0	5.0	21.0	29.0	70.0	138.0	253.0	368.0	557.0	738.0	1028.0	1372.0	1821.0	2384.0	3066.0	3996.0	6120.0	11612.0	14707.0
	15.0	16.0	17.0	18.0	19.0	20.0	21.0	22.0	23.0	24.0	25.0	26.0	27.0	28.0	29.0	30.0	31.0	32.0	33.0	34.0	35.0	36.0	37.0
ETS_321.2	2.0	3.0	7.0	17.0	29.0	52.0	101.0	188.0	313.0	491.0	649.0	836.0	1060.0	1400.0	1878.0	2437.0	3259.0	4426.0	6252.0	8949.0	10625.0	5163.0	153.0
	17.0	18.0	19.0	20.0	21.0	22.0	23.0	24.0	25.0	26.0	27.0	28.0	29.0	30.0	31.0	32.0	33.0	34.0	35.0	36.0	37.0
ETS_322.1	1.0	1.0	1.0	10.0	22.0	37.0	93.0	209.0	324.0	556.0	746.0	1116.0	1384.0	1907.0	2578.0	3294.0	4266.0	5801.0	8592.0	16508.0	18995.0
	14.0	15.0	16.0	17.0	18.0	19.0	20.0	21.0	22.0	23.0	24.0	25.0	26.0	27.0	28.0	29.0	30.0	31.0	32.0	33.0	34.0	35.0	36.0	37.0
ETS_322.2	1.0	0.0	2.0	2.0	17.0	35.0	56.0	96.0	220.0	372.0	610.0	836.0	1142.0	1454.0	1904.0	2484.0	3278.0	4541.0	6334.0	8874.0	12631.0	14673.0	6666.0	213.0
	19.0	20.0	21.0	22.0	23.0	24.0	25.0	26.0	27.0	28.0	29.0	30.0	31.0	32.0	33.0	34.0	35.0	36.0	37.0
ETS_323.1	6.0	8.0	13.0	40.0	75.0	156.0	276.0	468.0	618.0	923.0	1265.0	1593.0	2233.0	2909.0	3799.0	5026.0	7563.0	14623.0	17725.0
	16.0	17.0	18.0	19.0	20.0	21.0	22.0	23.0	24.0	25.0	26.0	27.0	28.0	29.0	30.0	31.0	32.0	33.0	34.0	35.0	36.0	37.0
ETS_323.2	1.0	3.0	12.0	27.0	46.0	108.0	170.0	311.0	558.0	737.0	1021.0	1388.0	1732.0	2186.0	3079.0	4133.0	5716.0	7979.0	11340.0	12920.0	5720.0	132.0
	16.0	17.0	18.0	19.0	20.0	21.0	22.0	23.0	24.0	25.0	26.0	27.0	28.0	29.0	30.0	31.0	32.0	33.0	34.0	35.0	36.0	37.0
ETS_331.1	1.0	0.0	1.0	7.0	12.0	30.0	50.0	161.0	303.0	486.0	817.0	1158.0	1718.0	2232.0	3016.0	4111.0	5484.0	7181.0	9629.0	14151.0	27181.0	34811.0
	16.0	17.0	18.0	19.0	20.0	21.0	22.0	23.0	24.0	25.0	26.0	27.0	28.0	29.0	30.0	31.0	32.0	33.0	34.0	35.0	36.0	37.0
ETS_331.2	1.0	12.0	42.0	62.0	113.0	193.0	315.0	633.0	1031.0	1402.0	1868.0	2526.0	3105.0	4086.0	5541.0	7653.0	10477.0	15002.0	20955.0	24670.0	12480.0	373.0
	19.0	20.0	21.0	22.0	23.0	24.0	25.0	26.0	27.0	28.0	29.0	30.0	31.0	32.0	33.0	34.0	35.0	36.0	37.0
ETS_332.1	2.0	13.0	19.0	47.0	117.0	198.0	373.0	581.0	876.0	1266.0	1805.0	2388.0	3124.0	3928.0	5364.0	7173.0	10637.0	19939.0	23211.0
	15.0	16.0	17.0	18.0	19.0	20.0	21.0	22.0	23.0	24.0	25.0	26.0	27.0	28.0	29.0	30.0	31.0	32.0	33.0	34.0	35.0	36.0	37.0
ETS_332.2	2.0	4.0	11.0	15.0	59.0	87.0	142.0	222.0	447.0	754.0	1021.0	1402.0	1801.0	2286.0	2982.0	4055.0	5517.0	7655.0	10801.0	15592.0	17809.0	8183.0	214.0
	16.0	17.0	18.0	19.0	20.0	21.0	22.0	23.0	24.0	25.0	26.0	27.0	28.0	29.0	30.0	31.0	32.0	33.0	34.0	35.0	36.0	37.0
ETS_333.1	1.0	2.0	6.0	13.0	30.0	57.0	148.0	350.0	717.0	1225.0	1897.0	2937.0	3979.0	5430.0	7421.0	9682.0	12915.0	16997.0	23225.0	34574.0	65955.0	80422.0
	13.0	14.0	15.0	16.0	17.0	18.0	19.0	20.0	21.0	22.0	23.0	24.0	25.0	26.0	27.0	28.0	29.0	30.0	31.0	32.0	33.0	34.0	35.0	36.0	37.0
ETS_333.2	1.0	0.0	5.0	8.0	19.0	49.0	138.0	225.0	391.0	780.0	1382.0	2269.0	3212.0	4481.0	5717.0	7581.0	9979.0	13365.0	18229.0	25450.0	35526.0	50741.0	59147.0	28465.0	823.0
	19.0	20.0	21.0	22.0	23.0	24.0	25.0	26.0	27.0	28.0	29.0	30.0	31.0	32.0	33.0	34.0	35.0	36.0	37.0
ETS_341.1	3.0	7.0	23.0	47.0	83.0	161.0	297.0	437.0	700.0	989.0	1351.0	1698.0	2313.0	3066.0	3893.0	5236.0	7967.0	15297.0	19445.0
	16.0	17.0	18.0	19.0	20.0	21.0	22.0	23.0	24.0	25.0	26.0	27.0	28.0	29.0	30.0	31.0	32.0	33.0	34.0	35.0	36.0	37.0
ETS_341.2	2.0	6.0	16.0	25.0	42.0	93.0	219.0	380.0	582.0	856.0	1112.0	1399.0	1726.0	2370.0	3059.0	4165.0	5828.0	8296.0	12000.0	13913.0	6709.0	215.0
	17.0	18.0	19.0	20.0	21.0	22.0	23.0	24.0	25.0	26.0	27.0	28.0	29.0	30.0	31.0	32.0	33.0	34.0	35.0	36.0	37.0
ETS_342.1	1.0	0.0	1.0	12.0	21.0	47.0	79.0	153.0	286.0	405.0	629.0	837.0	1189.0	1641.0	2107.0	2684.0	3646.0	4773.0	7120.0	13638.0	17082.0
	17.0	18.0	19.0	20.0	21.0	22.0	23.0	24.0	25.0	26.0	27.0	28.0	29.0	30.0	31.0	32.0	33.0	34.0	35.0	36.0	37.0
ETS_342.2	8.0	15.0	29.0	51.0	71.0	179.0	353.0	487.0	727.0	899.0	1233.0	1560.0	2046.0	2721.0	3740.0	5086.0	7544.0	10399.0	12556.0	6468.0	179.0
	18.0	19.0	20.0	21.0	22.0	23.0	24.0	25.0	26.0	27.0	28.0	29.0	30.0	31.0	32.0	33.0	34.0	35.0	36.0	37.0
ETS_343.1	1.0	5.0	0.0	18.0	20.0	46.0	96.0	153.0	276.0	366.0	476.0	681.0	936.0	1268.0	1652.0	2146.0	2878.0	4224.0	7938.0	10272.0
	16.0	17.0	18.0	19.0	20.0	21.0	22.0	23.0	24.0	25.0	26.0	27.0	28.0	29.0	30.0	31.0	32.0	33.0	34.0	35.0	36.0	37.0
ETS_343.2	1.0	4.0	12.0	22.0	32.0	67.0	123.0	186.0	324.0	470.0	559.0	767.0	1006.0	1282.0	1710.0	2296.0	3215.0	4504.0	6136.0	7196.0	3451.0	89.0
	17.0	18.0	19.0	20.0	21.0	22.0	23.0	24.0	25.0	26.0	27.0	28.0	29.0	30.0	31.0	32.0	33.0	34.0	35.0	36.0	37.0
ETS_711.1	2.0	1.0	4.0	8.0	17.0	45.0	91.0	211.0	393.0	596.0	920.0	1291.0	1824.0	2569.0	3461.0	4539.0	5886.0	8021.0	12221.0	22923.0	24809.0
	14.0	15.0	16.0	17.0	18.0	19.0	20.0	21.0	22.0	23.0	24.0	25.0	26.0	27.0	28.0	29.0	30.0	31.0	32.0	33.0	34.0	35.0	36.0	37.0
ETS_711.2	1.0	0.0	9.0	21.0	33.0	73.0	108.0	205.0	340.0	550.0	901.0	1180.0	1608.0	2181.0	2795.0	3859.0	4837.0	6711.0	9039.0	12803.0	17640.0	17975.0	6791.0	172.0
	18.0	19.0	20.0	21.0	22.0	23.0	24.0	25.0	26.0	27.0	28.0	29.0	30.0	31.0	32.0	33.0	34.0	35.0	36.0	37.0
ETS_712.1	2.0	3.0	8.0	12.0	29.0	93.0	141.0	282.0	398.0	722.0	986.0	1398.0	1896.0	2545.0	3278.0	4273.0	6112.0	8918.0	17159.0	16877.0
	14.0	15.0	16.0	17.0	18.0	19.0	20.0	21.0	22.0	23.0	24.0	25.0	26.0	27.0	28.0	29.0	30.0	31.0	32.0	33.0	34.0	35.0	36.0	37.0
ETS_712.2	1.0	2.0	7.0	10.0	26.0	69.0	97.0	151.0	238.0	431.0	666.0	899.0	1220.0	1611.0	2058.0	2700.0	3597.0	4814.0	6694.0	9354.0	12539.0	12949.0	4881.0	118.0
	18.0	19.0	20.0	21.0	22.0	23.0	24.0	25.0	26.0	27.0	28.0	29.0	30.0	31.0	32.0	33.0	34.0	35.0	36.0	37.0
ETS_713.1	1.0	0.0	7.0	11.0	18.0	45.0	98.0	171.0	295.0	472.0	641.0	941.0	1340.0	1835.0	2474.0	3298.0	4516.0	6757.0	12288.0	13333.0
	14.0	15.0	16.0	17.0	18.0	19.0	20.0	21.0	22.0	23.0	24.0	25.0	26.0	27.0	28.0	29.0	30.0	31.0	32.0	33.0	34.0	35.0	36.0	37.0
ETS_713.2	1.0	1.0	3.0	8.0	14.0	54.0	66.0	101.0	144.0	267.0	425.0	604.0	836.0	1096.0	1520.0	1986.0	2622.0	3577.0	4954.0	6974.0	9509.0	9678.0	3989.0	112.0
	18.0	19.0	20.0	21.0	22.0	23.0	24.0	25.0	26.0	27.0	28.0	29.0	30.0	31.0	32.0	33.0	34.0	35.0	36.0	37.0
ETS_721.1	2.0	3.0	9.0	18.0	29.0	53.0	105.0	177.0	260.0	395.0	558.0	789.0	1088.0	1574.0	2051.0	2596.0	3609.0	5452.0	10393.0	11398.0
	13.0	14.0	15.0	16.0	17.0	18.0	19.0	20.0	21.0	22.0	23.0	24.0	25.0	26.0	27.0	28.0	29.0	30.0	31.0	32.0	33.0	34.0	35.0	36.0	37.0
ETS_721.2	1.0	1.0	2.0	6.0	11.0	27.0	30.0	75.0	103.0	167.0	261.0	381.0	564.0	693.0	910.0	1214.0	1612.0	2133.0	2930.0	4039.0	5582.0	7812.0	8401.0	3506.0	98.0
	17.0	18.0	19.0	20.0	21.0	22.0	23.0	24.0	25.0	26.0	27.0	28.0	29.0	30.0	31.0	32.0	33.0	34.0	35.0	36.0	37.0
ETS_722.1	1.0	2.0	6.0	9.0	17.0	21.0	55.0	129.0	196.0	351.0	535.0	776.0	1076.0	1533.0	2013.0	2722.0	3336.0	4734.0	7161.0	13217.0	13136.0
	15.0	16.0	17.0	18.0	19.0	20.0	21.0	22.0	23.0	24.0	25.0	26.0	27.0	28.0	29.0	30.0	31.0	32.0	33.0	34.0	35.0	36.0	37.0
ETS_722.2	2.0	6.0	14.0	23.0	42.0	75.0	110.0	205.0	330.0	538.0	715.0	903.0	1174.0	1495.0	2010.0	2734.0	3696.0	5142.0	7334.0	10010.0	10290.0	4087.0	91.0
	17.0	18.0	19.0	20.0	21.0	22.0	23.0	24.0	25.0	26.0	27.0	28.0	29.0	30.0	31.0	32.0	33.0	34.0	35.0	36.0	37.0
ETS_723.1	1.0	1.0	1.0	3.0	7.0	23.0	50.0	89.0	170.0	261.0	462.0	642.0	913.0	1299.0	1726.0	2138.0	3002.0	4017.0	6060.0	11259.0	11229.0
	14.0	15.0	16.0	17.0	18.0	19.0	20.0	21.0	22.0	23.0	24.0	25.0	26.0	27.0	28.0	29.0	30.0	31.0	32.0	33.0	34.0	35.0	36.0	37.0
ETS_723.2	1.0	4.0	2.0	2.0	16.0	31.0	66.0	84.0	169.0	287.0	423.0	664.0	844.0	1033.0	1392.0	1779.0	2377.0	3270.0	4471.0	6263.0	8552.0	8420.0	3132.0	71.0
	18.0	19.0	20.0	21.0	22.0	23.0	24.0	25.0	26.0	27.0	28.0	29.0	30.0	31.0	32.0	33.0	34.0	35.0	36.0	37.0
ETS_731.1	1.0	0.0	7.0	10.0	22.0	44.0	98.0	179.0	301.0	438.0	658.0	974.0	1397.0	1884.0	2562.0	3338.0	4606.0	6931.0	13279.0	14039.0
	14.0	15.0	16.0	17.0	18.0	19.0	20.0	21.0	22.0	23.0	24.0	25.0	26.0	27.0	28.0	29.0	30.0	31.0	32.0	33.0	34.0	35.0	36.0	37.0
ETS_731.2	3.0	0.0	4.0	4.0	14.0	27.0	63.0	97.0	168.0	248.0	430.0	639.0	837.0	1183.0	1538.0	1977.0	2647.0	3657.0	5118.0	7279.0	9993.0	10440.0	4310.0	92.0
	18.0	19.0	20.0	21.0	22.0	23.0	24.0	25.0	26.0	27.0	28.0	29.0	30.0	31.0	32.0	33.0	34.0	35.0	36.0	37.0
ETS_732.1	1.0	3.0	6.0	4.0	17.0	30.0	63.0	136.0	198.0	333.0	428.0	681.0	864.0	1207.0	1592.0	2107.0	2775.0	4296.0	7801.0	7631.0
	16.0	17.0	18.0	19.0	20.0	21.0	22.0	23.0	24.0	25.0	26.0	27.0	28.0	29.0	30.0	31.0	32.0	33.0	34.0	35.0	36.0	37.0
ETS_732.2	2.0	5.0	18.0	24.0	41.0	64.0	108.0	182.0	270.0	406.0	514.0	672.0	927.0	1216.0	1658.0	2220.0	3034.0	4489.0	5855.0	6071.0	2326.0	71.0
	18.0	19.0	20.0	21.0	22.0	23.0	24.0	25.0	26.0	27.0	28.0	29.0	30.0	31.0	32.0	33.0	34.0	35.0	36.0	37.0
ETS_733.1	1.0	4.0	10.0	35.0	50.0	88.0	210.0	366.0	631.0	924.0	1410.0	2010.0	2943.0	3930.0	5225.0	6734.0	9562.0	14475.0	27116.0	26405.0
	12.0	13.0	14.0	15.0	16.0	17.0	18.0	19.0	20.0	21.0	22.0	23.0	24.0	25.0	26.0	27.0	28.0	29.0	30.0	31.0	32.0	33.0	34.0	35.0	36.0	37.0
ETS_733.2	1.0	0.0	1.0	6.0	3.0	23.0	40.0	83.0	138.0	189.0	322.0	573.0	860.0	1275.0	1766.0	2304.0	3081.0	4196.0	5537.0	7528.0	10335.0	14837.0	20247.0	20461.0	8107.0	216.0
	17.0	18.0	19.0	20.0	21.0	22.0	23.0	24.0	25.0	26.0	27.0	28.0	29.0	30.0	31.0	32.0	33.0	34.0	35.0	36.0	37.0
ETS_741.1	1.0	1.0	2.0	4.0	16.0	33.0	58.0	131.0	217.0	353.0	534.0	806.0	1158.0	1565.0	2019.0	2735.0	3394.0	4823.0	7349.0	13668.0	14917.0
	15.0	16.0	17.0	18.0	19.0	20.0	21.0	22.0	23.0	24.0	25.0	26.0	27.0	28.0	29.0	30.0	31.0	32.0	33.0	34.0	35.0	36.0	37.0
ETS_741.2	5.0	5.0	9.0	22.0	42.0	104.0	114.0	203.0	324.0	537.0	774.0	983.0	1238.0	1597.0	2146.0	2855.0	3788.0	5364.0	7435.0	10303.0	11221.0	4597.0	118.0
	16.0	17.0	18.0	19.0	20.0	21.0	22.0	23.0	24.0	25.0	26.0	27.0	28.0	29.0	30.0	31.0	32.0	33.0	34.0	35.0	36.0	37.0
ETS_742.1	1.0	0.0	1.0	3.0	7.0	11.0	25.0	60.0	99.0	227.0	307.0	485.0	711.0	1085.0	1422.0	2007.0	2531.0	3317.0	4631.0	6875.0	13188.0	14049.0
	13.0	14.0	15.0	16.0	17.0	18.0	19.0	20.0	21.0	22.0	23.0	24.0	25.0	26.0	27.0	28.0	29.0	30.0	31.0	32.0	33.0	34.0	35.0	36.0	37.0
ETS_742.2	1.0	2.0	2.0	6.0	5.0	17.0	49.0	74.0	113.0	181.0	297.0	485.0	634.0	843.0	1165.0	1443.0	1945.0	2634.0	3601.0	5077.0	7103.0	9892.0	10731.0	4606.0	136.0
	18.0	19.0	20.0	21.0	22.0	23.0	24.0	25.0	26.0	27.0	28.0	29.0	30.0	31.0	32.0	33.0	34.0	35.0	36.0	37.0
ETS_743.1	1.0	1.0	5.0	2.0	17.0	40.0	53.0	99.0	165.0	236.0	354.0	469.0	661.0	897.0	1215.0	1512.0	2112.0	3222.0	5999.0	6740.0
	14.0	15.0	16.0	17.0	18.0	19.0	20.0	21.0	22.0	23.0	24.0	25.0	26.0	27.0	28.0	29.0	30.0	31.0	32.0	33.0	34.0	35.0	36.0	37.0
ETS_743.2	2.0	1.0	1.0	9.0	7.0	25.0	42.0	53.0	112.0	153.0	238.0	324.0	453.0	578.0	772.0	951.0	1225.0	1771.0	2338.0	3342.0	4527.0	4907.0	1912.0	57.0

