Sample	FastQC_mqc-generalstats-fastqc-percent_duplicates	FastQC_mqc-generalstats-fastqc-percent_gc	FastQC_mqc-generalstats-fastqc-avg_sequence_length	FastQC_mqc-generalstats-fastqc-percent_fails	FastQC_mqc-generalstats-fastqc-total_sequences
ETS_011.1	94.20593524448097	52.0	280.31042451563553	40.0	245786.0
ETS_011.2	93.62534888073364	50.0	262.3637107076888	30.0	245786.0
ETS_012.1	93.77293429070221	52.0	279.2378721787516	40.0	207931.0
ETS_012.2	93.09338193920098	51.0	262.25371397242355	30.0	207931.0
ETS_013.1	94.19255257572834	52.0	280.47723683552357	40.0	139941.0
ETS_013.2	92.99204664823033	50.0	262.91166991803686	30.0	139941.0
ETS_021.1	91.44223770406572	52.0	280.49199334511803	30.0	57702.0
ETS_021.2	90.61037745658729	51.0	262.93740251637723	30.0	57702.0
ETS_022.1	93.2047683278043	52.0	279.8665524406693	30.0	137155.0
ETS_022.2	92.27297583026503	50.0	262.6471145783967	30.0	137155.0
ETS_023.1	91.21281869688386	52.0	280.4055771954674	30.0	56480.0
ETS_023.2	90.42315864022663	50.0	262.33215297450425	30.0	56480.0
ETS_031.1	92.38925706313219	52.0	280.597847426379	30.0	100345.0
ETS_031.2	91.69066719816632	51.0	263.12023518859934	30.0	100345.0
ETS_032.1	92.75309541150764	52.0	280.0651608951864	30.0	120824.0
ETS_032.2	92.11580480699199	51.0	262.70942031384493	30.0	120824.0
ETS_033.1	92.23208415516108	52.0	280.3129191321499	30.0	91260.0
ETS_033.2	91.69406092483015	51.0	263.100372561911	30.0	91260.0
ETS_041.1	91.4046511627907	52.0	279.16155481727577	30.0	75250.0
ETS_041.2	90.72558139534884	51.0	262.3879069767442	30.0	75250.0
ETS_042.1	91.04786630954533	52.0	280.16027737154315	30.0	60857.0
ETS_042.2	90.6419968121991	50.0	263.18063657426427	30.0	60857.0
ETS_043.1	91.0269751060594	52.0	280.623329064276	30.0	49972.0
ETS_043.2	90.3305851276715	51.0	262.7057952453374	30.0	49972.0
ETS_111.1	92.54713959062842	52.0	280.52489257585967	40.0	90529.0
ETS_111.2	91.07799710589977	50.0	262.25496802129703	40.0	90529.0
ETS_112.1	92.2345504144371	52.0	280.3666719127059	40.0	76248.0
ETS_112.2	90.55450634770747	50.0	262.2487934109747	40.0	76248.0
ETS_113.1	92.53565275650843	52.0	280.6415103369066	40.0	83584.0
ETS_113.2	90.96956355283308	50.0	262.55125382848394	30.0	83584.0
ETS_121.1	92.61893268972915	52.0	280.6901796728345	30.0	93225.0
ETS_121.2	91.01850362027353	50.0	263.04770179672835	30.0	93225.0
ETS_122.1	92.81555416926597	52.0	280.40395323583095	30.0	86562.0
ETS_122.2	90.9972043159816	50.0	262.7756983433839	30.0	86562.0
ETS_123.1	92.34583785667377	52.0	280.7486496991141	30.0	74613.0
ETS_123.2	90.51103695066543	50.0	261.65973757924223	30.0	74613.0
ETS_131.1	91.94490426960677	52.0	280.852859418434	30.0	64034.0
ETS_131.2	90.22082018927445	51.0	262.94484180279227	30.0	64034.0
ETS_132.1	91.36226073211635	52.0	280.38381170846424	40.0	51877.0
ETS_132.2	89.81051332960656	51.0	262.5683443529888	30.0	51877.0
ETS_133.1	93.02182313737936	52.0	279.6214273713294	30.0	107134.0
ETS_133.2	91.14006757891985	51.0	262.2876117759068	30.0	107134.0
ETS_141.1	92.2457332982263	52.0	280.4601455346243	30.0	83554.0
ETS_141.2	90.64198003686239	51.0	262.32229456399455	30.0	83554.0
ETS_1411.1	89.9862992845182	52.0	280.5499771654742	40.0	32845.0
ETS_1411.2	89.2007915968945	51.0	262.17339016593087	30.0	32845.0
ETS_1412.1	89.88225357710652	52.0	280.3389060015898	40.0	40256.0
ETS_1412.2	89.67358903020667	51.0	261.9748112082671	30.0	40256.0
ETS_1413.1	90.89322740243477	52.0	280.4500010264622	40.0	48711.0
ETS_1413.2	90.24655621933444	51.0	262.4009361335222	40.0	48711.0
ETS_142.1	92.72797888989159	52.0	280.4006922470614	30.0	87541.0
ETS_142.2	90.97679944254692	51.0	263.05038781827943	30.0	87541.0
ETS_1421.1	91.17551708487323	52.0	280.45767684626855	40.0	61692.0
ETS_1421.2	90.49633664008299	51.0	262.6956493548596	30.0	61692.0
ETS_1422.1	93.3719023051919	52.0	279.96677899382695	30.0	167665.0
ETS_1422.2	92.91265320728834	50.0	262.5613813258581	40.0	167665.0
ETS_1423.1	92.98849827799077	52.0	280.55036064721554	30.0	123112.0
ETS_1423.2	92.03002144388849	51.0	261.82732796153095	30.0	123112.0
ETS_143.1	91.6659130780778	52.0	280.8458700330976	30.0	55291.0
ETS_143.2	90.07071675317863	51.0	262.5367600513646	30.0	55291.0
ETS_1431.1	91.28030066796869	52.0	280.45722210369104	40.0	60931.0
ETS_1431.2	90.53027194695639	51.0	262.7246721701597	30.0	60931.0
ETS_1432.1	89.0005006884466	52.0	279.82541619727124	40.0	31956.0
ETS_1432.2	88.44348479158843	51.0	261.57331956440106	30.0	31956.0
ETS_1433.1	94.02287746723165	52.0	280.265501569807	40.0	227735.0
ETS_1433.2	93.42174018047292	51.0	262.51953366851825	30.0	227735.0
ETS_1441.1	90.77255117023724	52.0	280.3054469545527	30.0	56527.0
ETS_1441.2	90.06492472623702	50.0	262.14095918764485	30.0	56527.0
ETS_1442.1	93.43679835666173	52.0	280.26111283619167	30.0	167464.0
ETS_1442.2	92.8205465055176	51.0	262.81032938422584	30.0	167464.0
ETS_1443.1	92.92219999828313	52.0	279.66720175807575	40.0	116491.0
ETS_1443.2	92.06033084100918	51.0	262.272021014499	30.0	116491.0
ETS_311.1	94.00695708173352	52.0	279.21400100502024	40.0	204971.0
ETS_311.2	93.73862643983783	50.0	260.5530489679028	30.0	204971.0
ETS_312.1	91.47779685792544	52.0	279.93720108425697	40.0	70463.0
ETS_312.2	91.14003093822289	50.0	260.3480266239019	30.0	70463.0
ETS_313.1	91.60453348886332	52.0	280.29661564652656	40.0	63439.0
ETS_313.2	91.37596746480871	50.0	260.90241018931573	30.0	63439.0
ETS_321.1	90.18637399047422	52.0	280.0955891488921	30.0	48290.0
ETS_321.2	89.8550424518534	50.0	260.5509836405053	30.0	48290.0
ETS_322.1	91.05070664198311	52.0	279.8492798121642	30.0	66441.0
ETS_322.2	90.99351304164597	51.0	260.7724447253955	30.0	66441.0
ETS_323.1	90.9893963148401	52.0	280.1536438577859	30.0	59319.0
ETS_323.2	90.88150508268852	50.0	260.3137780475059	30.0	59319.0
ETS_331.1	92.26586102719034	52.0	280.3817309401102	30.0	112540.0
ETS_331.2	92.2223209525502	51.0	261.1073484983117	30.0	112540.0
ETS_332.1	91.62852666510406	52.0	279.94521409802496	40.0	81061.0
ETS_332.2	91.41757441926451	51.0	260.60285464033257	30.0	81061.0
ETS_333.1	94.3544926357269	52.0	280.26813641163807	30.0	267983.0
ETS_333.2	94.10410361851311	51.0	261.2685580801767	30.0	267983.0
ETS_341.1	91.04629203497691	52.0	280.19330931712506	30.0	63013.0
ETS_341.2	91.00820465618206	50.0	260.7703648453494	30.0	63013.0
ETS_342.1	91.1607602349559	52.0	280.0871324377562	40.0	56351.0
ETS_342.2	90.94426008411563	51.0	261.1537505989246	30.0	56351.0
ETS_343.1	89.11275857945714	52.0	280.1442664115748	30.0	33452.0
ETS_343.2	89.22635417912232	51.0	260.2355315078321	30.0	33452.0
ETS_711.1	92.6852346602547	52.0	280.3258415709324	40.0	89832.0
ETS_711.2	90.70264493721614	50.0	260.89755321043725	30.0	89832.0
ETS_712.1	91.90106245777805	52.0	280.08696186206475	40.0	65132.0
ETS_712.2	89.88055026714979	50.0	260.6073665786403	30.0	65132.0
ETS_713.1	91.51851012546095	52.0	280.41568982921655	40.0	48541.0
ETS_713.2	89.68500854947364	51.0	261.06419315630086	30.0	48541.0
ETS_721.1	90.63093271530363	52.0	280.45664340836805	30.0	40559.0
ETS_721.2	88.47358169580119	51.0	261.6956285904485	30.0	40559.0
ETS_722.1	91.65915415670443	52.0	280.00682005252224	30.0	51026.0
ETS_722.2	89.2446987810136	50.0	261.09938070787445	30.0	51026.0
ETS_723.1	90.82647106313289	52.0	280.2569372361774	30.0	43353.0
ETS_723.2	88.50367909948562	50.0	260.38477152676865	30.0	43353.0
ETS_731.1	91.40797352663095	52.0	280.632189568232	30.0	50768.0
ETS_731.2	89.73566025843051	51.0	261.86605735896626	30.0	50768.0
ETS_732.1	89.77894143770921	52.0	279.91459251648826	30.0	30173.0
ETS_732.2	87.68435356113082	51.0	261.19033573062006	30.0	30173.0
ETS_733.1	92.95694660674245	52.0	280.2874599770878	30.0	102129.0
ETS_733.2	91.19349058543607	51.0	261.3213974483252	30.0	102129.0
ETS_741.1	91.38591402647627	52.0	280.3885542168675	30.0	53784.0
ETS_741.2	89.53778075264019	51.0	261.37416331994643	30.0	53784.0
ETS_742.1	91.33850554445358	52.0	280.3370949414208	40.0	51042.0
ETS_742.2	89.58700677873124	51.0	261.96199208494966	30.0	51042.0
ETS_743.1	88.91596638655463	52.0	280.46226890756304	30.0	23800.0
ETS_743.2	86.57142857142857	51.0	260.89873949579834	30.0	23800.0
